821448
906833
208854
689987
145158
475710
675208
928990
259956
682567
336170
859135
720235
134583
600202
492243
483950
816329
432816
433069
487080
262435
480089
810765
964766
305673
437330
256850
931908
792036
905699
523088
676340
321938
164724
539184
655878
116689
620979
187634
648091
300513
396516
225086
134186
150278
802510
780754
552098
288857
460756
731659
451124
325572
673209
133427
876708
556841
599269
795780
218910
476421
157549
291907
968268
442356
496555
717576
500533
465708
646185
271177
769835
279426
849992
777655
363601
655557
608970
256337
420505
297609
557764
310294
640315
869349
231973
933438
693128
633457
183194
485076
725078
177486
866540
653011
232437
299701
401358
613825
205265
568421
138531
931017
499665
169246
842922
388652
573961
910271
392409
398796
976970
600029
981887
363980
849933
824406
341026
384225
887295
444524
326421
278894
366380
445736
241475
782078
497670
653044
955505
167605
534889
856437
416324
517025
200247
915045
565634
515732
536314
283921
545557
940331
285177
100425
721359
736035
450274
670957
515126
233156
367769
569224
987724
172566
420791
132542
709716
935403
141422
917509
768859
732840
729733
651899
272548
417700
498643
325738
625319
646213
967268
408786
379701
694114
598370
443826
439920
824745
395347
575978
153876
510842
974352
701568
103884
815396
366378
376227
704889
571355
890352
654471
250605
264157
871096
714761
759829
717814
743243
270422
431372
177920
390721
982151
398921
301378
331564
441214
474109
337912
951737
132398
678111
916249
812319
136306
392118
986003
867374
798656
641136
970663
812237
510179
242196
578832
229474
374483
318606
112786
945013
436300
961904
254950
269929
183074
786870
264346
760910
542103
935732
452405
207081
735230
626425
614899
736182
781752
826775
380618
950963
645090
869295
317784
408663
704225
676879
904189
839269
524343
846378
970972
685512
603501
211497
197047
327666
653510
591036
822759
153770
774467
399465
331272
306534
559333
650578
943706
541267
872038
900204
157905
204157
235077
716254
379362
491070
963278
547046
393305
323565
791858
503690
492246
390892
532896
795917
228800
830471
219924
237422
807971
541854
493658
244170
646375
961675
536055
618201
231116
407755
526640
922081
220446
814825
452038
891413
286090
410754
206026
163714
150157
507864
869775
841844
318232
556873
655263
137862
906909
174410
307832
817389
715332
353380
231838
801279
663523
862935
367585
716499
134841
259817
154748
695580
486022
904818
202375
697100
286221
278487
785399
575155
656128
179115
134255
634802
169607
282913
530669
266782
250104
819323
640139
746297
659867
390112
927516
317231
553489
349040
300582
246980
747546
280620
657714
354008
356284
375653
942234
529462
716450
474457
110313
391658
572354
885643
101850
599883
372414
984661
760216
409876
382705
677275
191613
501322
513104
735987
795597
606039
404125
463294
682668
460593
560380
863782
393525
562891
715231
112567
817667
612945
804228
830080
685912
603138
817271
467231
398848
516169
648985
144782
411831
305408
370332
221472
173729
593054
482388
234156
923716
570733
117416
516940
626657
924563
435697
517138
123775
547711
681472
118731
773675
395578
126457
880735
236639
859583
925198
952756
164817
246389
577344
979568
470675
587242
959074
701993
854096
384204
322021
216521
933884
910793
468179
394249
950686
231899
618361
748780
484998
213908
144285
870459
757197
534801
267999
258016
326618
843925
864638
500330
806572
257861
724712
337605
360377
682070
190343
229954
190902
512212
796490
265279
880495
120807
795640
211900
903048
833858
557562
722510
485285
295893
270146
736380
963672
311420
101126
397439
393178
323120
946766
950862
975760
274282
811402
243270
629730
767926
387240
665791
475554
520343
818684
433424
232862
669450
186315
589525
722929
921954
221627
404699
469060
978870
811844
409638
871929
432775
180457
902107
514365
230053
158584
490060
139311
684068
203474
205679
900674
152314
704919
999802
390047
273207
583181
438976
230308
475975
826339
117355
911163
867827
219794
914615
155839
930409
626749
593732
931308
573512
850923
981510
990248
558926
843035
284620
676569
903396
222317
996036
238095
862342
175482
124476
667453
112306
521887
532071
706233
798143
933421
876984
878875
110598
802295
831579
447219
913210
397124
201299
937972
674657
794956
686517
182799
624634
796710
295417
978590
158066
557959
138776
798913
387133
566375
873988
161193
142401
733839
452418
465790
969072
787162
499823
361028
671125
615535
720256
796115
731491
776202
756119
523872
938900
985532
121976
187720
111062
337069
536213
697435
909721
449549
172611
658892
815949
421463
418608
544517
966569
440950
720531
699190
212742
781890
853007
448073
277061
192409
358358
550796
361035
800480
882251
617201
179759
586602
872260
259014
675032
675489
125219
148309
351106
533569
611571
387124
541985
283527
787848
127033
636008
288328
358909
233567
325675
598581
854500
537573
886636
762469
966572
371071
846443
520577
429791
103884
100009
764280
814576
323286
124381
566525
167886
141684
677389
338446
871550
263191
957101
195163
911813
638546
505407
322598
919765
896142
208021
503587
662216
103202
569548
645427
718836
597282
841858
409136
157361
956991
206165
983366
770431
420276
296531
641544
335693
355435
270699
375339
938443
193825
634546
361547
891804
101774
164605
964211
789201
718467
272023
535569
319274
123941
540901
229444
416993
321157
103486
383270
972177
836929
993916
270113
745654
425522
729258
543451
554753
655431
234718
697020
107440
105077
709459
160483
280891
151451
316316
694883
899549
380435
286333
211053
151933
867419
776955
535333
994418
419997
869891
158845
149354
785053
691498
564235
268330
242398
131783
449950
580278
418200
446331
830080
953471
421541
784252
230621
970838
410081
847055
157634
672152
958753
290497
347671
878564
508558
646713
843774
652812
703172
645298
774887
277212
216689
801178
979661
507917
442907
213508
140143
473433
557769
565157
771828
800287
525913
512147
565208
128754
845618
622755
758118
407516
509250
897911
294901
409497
851256
944374
385445
717066
873805
400227
791132
588030
960762
462037
765332
587837
523166
548238
228118
578292
225082
397476
596972
596869
261651
363193
921638
450821
176202
609508
993756
888250
702588
405508
685003
826339
303422
144312
227949
630417
901951
918550
815020
133861
652929
935093
975351
984593
371548
512088
956769
919629
292230
649828
762884
495676
543869
268756
439037
304869
461249
214500
492321
169256
404723
311813
331359
298257
810505
683200
105635
599240
344582
574270
773156
709298
406319
917705
624765
866077
643807
557346
268235
886778
133328
538326
715298
680542
997381
425356
916244
828304
826820
404680
895755
338047
713518
555426
225455
531733
856630
854708
868994
850301
482031
638961
970772
921202
195364
192188
330644
310036
886221
456738
727418
991849
511887
644340
895622
818751
835896
702713
158863
650621
983276
175900
852372
587087
563964
153507
466971
411604
831018
465082
279549
951881
286747
505322
216292
190073
399150
440716
773214
886797
743106
608051
240789
866574
527943
908221